Qghume 162 64 105 145 81 27 161 91 195 142 27 36
Cxggbwk 95 47 126 171 138 69 112 67 99 35 94 103
Rtkjpre 147 44 62 157 37 59 123 141 129 178 116 35
Cysyyc 46 5 90 129 170 150 6 101 193 148 29 23
Kkas 131 108 144 39 26 123 137 138 118 82 129 141
Lsgyps 73 186 21 145 124 72 70 29 177 173 97 112
Juvpva 31 52 150 150 141 124 166 30 107 191 7 137
Ljvrvi 21 188 22 146 106 30 13 168 100 191 162 55
Mxujjlo 150 91 36 174 20 196 21 148 199 68 84 81
Xcoksfz 128 93 48 83 7 21 110 17 13 114 109 16
Ixjswnkk 44 9 189 102 195 85 93 143 123 187 114 103
Qook 198 81 189 198 9 157 72 22 138 92 38 179
Cddiute 34 72 55 128 46 162 86 75 33 69 142 44
Sajlf 157 76 92 189 75 112 0 110 3 69 61 88
Trkdcp 88 26 17 157 32 132 169 154 121 189 176 129
Bzcn 41 112 145 60 118 153 139 23 79 196 87 129
Cbldvg 86 105 88 82 55 134 114 101 116 71 186 63
Lhcsmp 113 156 121 158 46 182 81 144 196 22 129 161
Togbgxp 24 154 110 145 49 186 113 74 22 168 18 187
Hklju 114 24 134 74 172 159 33 70 87 97 118 177
Vqgxi 80 13 27 2 99 127 25 143 124 23 172 61
Chhbfq 142 22 86 64 100 187 160 13 174 70 170 35
Uunfsk 94 95 24 19 125 176 94 58 102 171 66 78
Eeuhms 87 60 126 10 157 170 115 176 27 43 158 164
Eddps 25 27 29 128 23 120 102 162 123 196 137 61
Qsoemuvn 11 147 153 120 190 124 188 163 140 51 62 29
Ecthl 0 58 39 103 160 157 124 77 108 113 87 1
Qtgjop 104 35 156 72 150 23 85 156 16 26 157 126
Bbhawd 112 117 96 185 41 23 129 29 165 159 132 96
Kwqyuhrq 163 7 83 111 35 67 48 75 138 23 142 154
Zjpxiogv 183 50 198 79 101 193 134 37 134 156 193 176
Svojb 55 55 142 62 11 77 24 78 152 43 96 73
Raamd 132 112 95 169 31 40 88 85 90 97 189 190
Wjmwax 159 192 5 64 181 103 29 175 8 92 197 149
Ltfzo 13 174 1 77 15 83 13 192 24 1 192 159
Zcnock 87 47 4 103 21 63 106 163 10 171 89 40
Bjzw 18 32 150 5 175 139 103 22 98 47 184 48
Hzriwkb 62 119 185 89 144 65 140 45 108 118 70 1
Gixwtbv 23 127 0 169 15 165 28 143 147 88 143 37
Fbcgkc 21 158 154 88 146 90 149 43 30 20 148 67
Rmbsz 29 24 148 123 159 57 166 144 155 118 126 11
Jhguzy 142 75 113 142 196 148 72 26 6 173 29 4
Qfldu 136 141 14 194 56 52 136 38 82 155 15 131
Njhaimu 34 93 153 16 52 8 62 33 54 103 34 103
Wtbr 28 0 80 118 58 50 155 161 64 103 76 43
Ztoid 74 20 2 123 31 169 78 59 8 19 171 3
Kqdpqz 122 138 37 10 61 34 108 161 159 93 115 69
Gkjelr 155 15 130 39 12 88 82 154 85 110 84 174
Dptpc 98 73 188 177 132 156 89 113 8 141 190 123
Qaybnef 133 67 153 95 168 25 76 29 50 198 109 93
Cdrudm 21 5 26 16 116 126 66 87 81 164 140 86
Fghfo 73 124 141 145 162 23 131 6 68 118 2 107
Yygmdcas 93 196 152 54 145 108 48 91 112 131 114 39
Mbmxrm 23 118 66 59 98 86 196 62 33 158 22 146
Znayx 98 30 92 0 78 199 152 48 82 140 115 175
Cpkhktk 30 49 125 58 29 120 140 160 147 162 55 75
Isgek 188 169 38 63 75 115 121 75 15 128 34 170
Fyrar 69 130 123 150 133 125 110 137 136 137 78 193
Gbhz 105 137 4 137 23 64 170 8 168 81 85 152
Ewkeg 49 40 174 19 143 11 141 89 19 165 5 185
Djoo 93 74 109 100 95 173 189 161 172 168 158 31
Owqr 110 152 182 191 95 164 74 164 102 55 60 74
Spxnv 195 194 150 143 154 81 12 72 39 28 112 162
Vklhsec 119 158 145 6 166 100 167 92 187 132 156 174
Fodkjmjq 18 176 20 111 182 56 90 125 124 86 77 169
Zwyvijg 127 26 71 97 12 103 27 8 145 108 185 38
Tlkmfq 149 192 54 69 81 65 67 113 193 34 72 172
Ydteamd 190 23 37 23 179 195 169 127 42 110 182 58
Gcjwlgr 86 142 10 72 128 34 41 118 103 67 65 138
Aoiojl 156 7 78 89 35 165 75 186 186 33 160 130
Ifyg 135 10 199 37 92 182 128 152 169 44 194 8
Mtgon 43 49 15 41 189 100 12 48 123 51 74 33
Qgjfwkj 144 140 87 99 125 83 138 92 193 52 11 160
Ldrchj 192 10 149 178 179 171 77 73 193 20 97 26
Egfi 89 159 49 124 72 180 8 167 8 77 103 170
Kubnfgu 163 83 116 132 52 141 154 13 62 196 60 15
Mausj 184 40 117 6 70 41 82 49 123 158 105 21
Kamhurk 7 129 81 195 78 76 153 99 184 165 93 8
Dacll 173 122 148 51 186 144 46 177 117 29 116 74
Ginrnnzw 52 36 151 87 26 162 155 183 194 180 97 65
Fusewj 147 45 170 175 89 150 149 133 65 14 82 7
Naum 41 31 187 105 79 121 138 151 47 8 46 76
Cckxaayd 177 148 103 61 31 82 55 197 106 152 21 96
Pjgojo 174 59 198 74 53 122 35 43 88 153 32 147
Qchb 199 55 163 116 173 161 45 73 74 150 153 181
Obtwhxgi 181 47 90 71 5 172 32 189 120 165 31 58
Gwwbs 196 97 20 94 129 188 109 184 169 178 17 15
Qsghmc 199 185 86 199 20 110 71 13 15 85 118 180
Pcuzsrup 152 71 68 93 85 137 111 4 77 6 168 22
Wniqx 89 47 181 93 184 187 161 93 17 101 82 47
Eelfjm 181 72 106 56 143 193 80 80 68 11 113 168
Pmktlpt 59 53 136 95 165 74 120 35 80 176 55 125
Nemwbor 162 85 162 80 36 197 2 108 80 140 76 58
Smvno 135 72 0 107 155 66 141 188 81 168 115 196
Qopqfo 21 122 112 48 18 168 117 114 50 90 135 159
Zujtln 61 81 52 153 33 29 187 42 53 83 20 14
Tbioly 5 47 194 87 126 76 123 140 79 190 188 110
Xahhjmbo 62 135 87 196 33 88 135 179 193 190 162 165
Dxropb 198 145 197 18 38 44 172 163 28 64 1 123
Lvrglf 101 163 121 165 21 45 10 95 141 22 12 151
